A,R,N,D,C,Q,E,G,H,I,L,K,M,F,P,S,T,W,Y,V
0,0,0,0,0,0,50,0,0,0,0,50,0,0,0,0,0,0,0,0
0,0,0,0,0,0,0,0,0,0,27,0,56,0,0,0,0,0,0,18
0,0,0,0,0,0,0,0,0,56,0,0,20,0,0,0,12,0,0,12
0,0,0,0,0,0,0,0,0,0,0,0,0,0,74,26,0,0,0,0
0,0,0,0,0,0,0,0,0,0,29,0,10,0,0,0,10,0,0,51
15,0,0,39,0,0,30,0,0,0,0,15,0,0,0,0,0,0,0,0
15,0,0,0,0,0,46,0,0,0,0,21,0,0,0,0,18,0,0,0
100,0,0,0,0,0,0,0,0,0,0,0,0,0,0,0,0,0,0,0
0,0,0,0,0,0,0,0,0,26,39,0,0,10,0,0,0,0,0,25
0,20,9,0,0,15,26,0,0,10,0,11,0,0,0,0,9,0,0,0
0,18,0,0,0,9,9,0,0,44,0,0,0,0,0,0,10,0,0,11
0,0,0,0,0,0,0,0,0,42,0,0,15,0,0,0,0,0,0,43
0,0,7,0,9,33,0,0,0,0,24,0,0,0,0,12,0,0,0,16
25,0,7,0,10,7,9,0,9,0,0,0,0,0,0,34,0,0,0,0
13,1,1,11,0,14,1,1,14,1,1,10,9,19,1,1,1,0,0,1
11,23,9,0,0,14,0,0,0,0,0,16,0,0,0,6,8,13,0,0
0,0,0,0,0,0,0,0,0,25,17,8,0,0,21,6,6,0,0,18
11,0,22,0,0,8,0,0,0,0,0,8,6,0,8,15,14,0,0,8
0,0,17,0,0,0,0,8,0,0,8,0,6,13,48,0,0,0,0,0
27,10,0,0,0,0,23,26,0,0,0,0,0,0,6,0,0,0,0,8
5,0,0,11,0,6,0,0,0,27,8,0,0,0,9,0,13,0,0,21
1,0,0,0,0,0,57,1,0,14,1,8,0,0,0,0,16,0,0,0
1,17,5,1,0,0,20,1,0,7,1,8,0,0,1,1,25,6,6,1
0,0,0,0,0,0,0,0,0,10,15,0,10,0,0,0,0,0,0,65
21,0,16,22,0,0,7,0,0,0,0,0,0,0,28,6,0,0,0,0
0,0,0,0,0,0,0,0,0,27,57,0,0,0,0,0,0,0,6,10
8,6,0,14,0,5,18,0,0,0,7,0,0,6,0,0,13,0,6,16
0,0,11,11,0,10,38,10,0,0,0,20,0,0,0,0,0,0,0,0
38,0,0,0,9,0,0,11,0,0,0,0,0,0,0,34,7,0,0,0
5,0,0,0,0,14,0,7,0,6,43,0,6,9,0,0,0,0,10,0
0,0,19,7,0,0,0,70,5,0,0,0,0,0,0,0,0,0,0,0
0,69,0,0,0,0,0,0,11,0,13,6,0,0,0,0,0,0,0,0
0,0,0,0,0,0,0,0,0,49,7,0,8,5,0,0,0,0,0,31
5,0,0,0,13,0,0,0,0,0,75,0,0,0,0,7,0,0,0,0
88,0,0,0,0,0,0,12,0,0,0,0,0,0,0,0,0,0,0,0
0,0,0,0,0,5,68,6,0,0,0,7,0,0,0,4,10,0,0,0
0,0,0,71,0,0,15,0,0,0,0,0,0,0,6,9,0,0,0,0
0,0,0,0,0,0,0,0,0,55,6,0,7,0,0,0,0,0,0,32
6,5,13,0,0,0,9,0,0,5,0,7,0,5,0,6,4,0,9,30
59,0,0,0,0,0,0,0,0,0,0,0,0,0,0,34,8,0,0,0
0,0,5,13,0,0,8,0,0,0,0,5,0,0,48,0,16,0,0,6
0,16,0,10,6,0,6,0,4,22,19,0,0,0,0,0,0,0,10,7
0,0,17,55,0,0,0,0,4,0,0,0,0,0,19,5,0,0,0,0
0,0,0,0,0,0,0,0,0,22,29,0,8,11,0,0,0,0,9,21
0,0,0,0,0,0,0,0,0,0,0,0,0,0,100,0,0,0,0,0
4,10,6,0,0,0,0,15,12,0,0,0,0,0,35,5,0,0,7,5
0,0,0,0,0,0,0,9,0,0,0,0,0,69,0,0,0,12,10,0
0,13,11,66,0,0,0,0,0,0,0,0,0,0,10,0,0,0,0,0
23,22,30,0,0,8,0,0,0,0,0,17,0,0,0,0,0,0,0,0
25,0,0,0,0,0,0,0,0,0,0,0,0,0,0,67,0,0,0,9
45,0,0,0,0,0,0,0,0,13,0,5,9,0,14,0,5,0,0,10
0,0,0,0,0,0,0,0,0,8,0,23,51,0,0,0,0,0,14,5
0,0,0,100,0,0,0,0,0,0,0,0,0,0,0,0,0,0,0,0
0,0,0,0,0,0,0,100,0,0,0,0,0,0,0,0,0,0,0,0
0,0,0,0,0,0,0,0,0,0,0,0,0,20,0,0,0,0,71,9
100,0,0,0,0,0,0,0,0,0,0,0,0,0,0,0,0,0,0,0
0,0,0,0,0,0,0,0,0,15,15,0,7,0,0,0,0,0,0,63
9,66,0,0,0,0,0,0,0,7,0,12,0,0,0,0,0,0,0,5
36,0,0,0,0,0,0,0,0,0,9,0,0,0,0,36,0,9,6,4
13,0,0,0,4,6,31,0,0,0,0,6,0,0,0,19,7,0,0,14
0,0,0,84,0,0,9,7,0,0,0,0,0,0,0,0,0,0,0,0
1,1,1,1,0,1,1,7,0,5,10,1,0,1,1,11,27,0,9,21
20,1,1,1,0,11,1,2,15,7,2,1,1,20,1,7,1,0,6,1
8,1,7,1,0,10,11,37,1,1,2,1,5,1,1,9,1,0,1,1
44,1,1,2,1,1,2,18,1,1,3,2,1,1,1,8,2,0,1,9
2,10,7,6,0,1,2,9,1,1,2,1,1,1,1,38,13,0,1,2
12,14,1,9,0,1,19,12,1,1,2,8,1,1,13,2,1,0,1,2
11,2,1,17,1,18,15,2,1,2,3,2,1,1,2,2,17,0,1,2
2,7,32,1,0,12,1,19,0,1,2,5,0,1,1,10,1,0,1,1
2,11,1,1,0,1,1,13,0,1,2,1,0,1,53,6,1,0,1,1
2,1,1,1,0,5,2,12,1,19,7,1,1,1,1,2,1,0,1,40
1,15,0,5,0,8,21,1,9,8,1,6,5,0,5,7,6,0,0,1
1,5,0,0,0,0,0,1,0,0,55,0,0,23,0,0,0,0,11,0
1,13,0,0,0,0,14,1,0,0,1,25,0,5,32,5,0,0,0,0
1,0,0,0,0,0,0,1,0,5,15,0,0,0,0,1,0,0,0,74
18,0,0,0,0,0,0,1,0,34,22,0,8,0,0,1,0,0,0,12
6,0,0,14,0,0,5,63,0,0,1,0,0,0,0,1,6,0,0,0
0,6,7,11,7,0,16,0,14,0,0,13,0,0,0,10,16,0,0,0
4,0,0,0,0,0,0,0,0,39,12,0,0,0,0,25,0,0,0,20
23,5,0,0,0,5,8,14,5,0,0,5,6,13,11,0,0,0,0,6
93,0,0,7,0,0,0,0,0,0,0,0,0,0,0,0,0,0,0,0
0,0,0,0,0,0,0,100,0,0,0,0,0,0,0,0,0,0,0,0
12,5,10,14,0,13,21,0,0,0,0,0,0,0,0,10,9,0,6,0
5,8,0,5,0,23,12,0,0,5,0,0,0,0,22,7,0,0,0,14
0,0,0,5,0,9,0,5,0,7,0,5,0,5,34,14,8,0,8,0
0,0,7,11,0,9,8,5,4,0,8,10,5,0,6,9,18,0,0,0
0,0,6,0,0,5,5,8,0,0,23,14,0,10,0,16,0,0,7,5
1,8,0,0,0,0,22,1,0,0,22,5,0,0,7,6,25,0,0,0
7,0,0,0,0,0,0,1,0,14,35,0,0,0,9,1,0,13,0,17
8,0,17,13,0,19,0,16,0,0,1,0,5,0,13,1,6,0,0,0
8,0,5,12,0,9,7,1,0,0,1,8,0,0,33,5,7,0,0,0
0,8,4,13,0,0,0,47,6,0,0,5,0,4,0,0,9,0,0,5
0,0,0,6,0,26,30,9,0,0,0,0,0,0,0,5,18,0,0,6
56,0,0,0,34,0,0,0,0,0,0,0,0,0,0,0,0,0,0,10
16,0,0,0,6,0,0,0,5,11,9,7,5,0,0,0,0,0,7,34
6,56,0,0,0,0,14,0,0,0,0,14,0,0,0,0,0,0,10,0
0,0,0,0,0,0,0,0,0,67,0,0,0,0,0,0,0,0,0,33
5,0,7,0,0,8,0,0,0,0,0,0,47,13,0,5,16,0,0,0
0,0,0,0,0,0,0,0,0,0,0,0,0,0,0,0,100,0,0,0
0,0,0,0,0,0,0,100,0,0,0,0,0,0,0,0,0,0,0,0
87,0,0,7,0,0,0,5,0,0,0,0,0,0,0,0,0,0,0,0
0,0,0,0,0,14,0,0,0,5,9,13,10,0,44,0,0,0,0,6
0,0,0,0,0,0,0,0,0,46,35,0,6,0,0,0,0,0,0,13
0,0,0,0,0,0,0,0,0,0,0,0,0,0,100,0,0,0,0,0
10,0,6,11,5,9,13,5,0,0,7,12,0,0,0,9,13,0,0,0
0,0,21,0,0,0,7,65,0,0,8,0,0,0,0,0,0,0,0,0
61,0,0,0,17,0,0,6,0,0,0,0,0,6,0,0,5,0,6,0
0,0,12,75,0,0,8,0,0,0,0,0,0,0,0,0,5,0,0,0
67,0,0,0,7,0,0,0,0,0,9,0,0,0,0,6,6,0,0,6
0,0,0,0,0,0,0,0,0,11,0,0,0,0,0,0,0,0,0,89
0,0,0,0,0,0,0,0,0,18,8,0,0,0,0,0,0,0,0,74
0,0,0,0,0,22,0,0,0,0,0,6,51,0,21,0,0,0,0,0
0,0,0,0,0,19,0,0,0,10,8,7,0,14,0,0,0,0,9,33
0,8,0,0,0,0,92,0,0,0,0,0,0,0,0,0,0,0,0,0
5,0,0,28,0,23,14,0,0,0,4,6,0,7,0,0,0,8,5,0
0,0,0,0,7,0,0,0,0,0,0,0,0,0,0,0,68,0,0,25
9,6,7,13,0,4,28,0,0,10,0,12,0,0,0,0,5,0,0,6
5,11,5,0,0,21,18,13,0,9,5,0,6,0,0,0,0,0,0,6
9,0,0,5,0,0,18,13,0,18,7,0,4,5,0,4,4,0,0,12
0,5,22,29,0,0,18,6,0,0,0,0,8,0,0,6,0,0,0,6
0,0,26,29,0,0,12,16,0,0,0,6,0,0,0,8,4,0,0,0
7,25,6,0,0,9,11,9,0,0,0,5,0,7,0,6,16,0,0,0
0,0,0,0,0,0,0,0,0,17,0,0,12,11,0,0,0,0,0,60
12,22,0,0,0,0,7,0,0,0,5,20,0,6,0,5,16,0,0,6
0,0,0,0,0,0,0,0,0,60,5,0,0,14,0,0,0,0,0,21
0,17,0,0,0,0,6,0,0,9,25,5,0,0,0,12,9,0,17,0
9,18,9,0,0,6,5,0,0,6,0,23,0,0,0,0,13,0,0,12
5,5,0,4,0,17,4,8,0,0,5,0,0,0,28,4,19,0,0,0
24,9,0,0,6,0,0,0,0,7,0,0,0,16,11,0,6,0,0,21
0,14,0,0,0,14,0,0,7,0,0,28,0,0,20,7,6,0,5,0
7,0,0,0,4,0,0,0,4,0,0,13,0,0,55,12,5,0,0,0
0,0,19,0,0,0,0,72,0,0,4,0,5,0,0,0,0,0,0,0
8,0,0,5,0,32,38,0,0,0,5,6,0,0,0,0,6,0,0,0
0,0,42,18,0,0,0,5,6,0,0,0,0,22,0,0,0,0,8,0
0,0,0,0,0,0,0,0,0,65,0,0,0,0,0,0,0,0,0,35
0,57,0,0,0,5,0,0,9,0,0,0,5,0,0,23,0,0,0,0
0,46,0,0,0,0,6,0,0,0,17,11,0,5,14,0,0,0,0,0
8,9,0,0,0,11,0,0,0,23,0,27,0,0,0,6,11,0,0,6
15,0,0,0,0,0,0,85,0,0,0,0,0,0,0,0,0,0,0,0
6,0,0,8,6,0,49,0,5,5,0,0,0,0,0,21,0,0,0,0
0,0,0,83,0,0,11,0,0,0,0,0,0,0,0,0,0,0,6,0
5,0,0,0,9,0,0,0,0,41,7,0,0,0,0,0,7,0,6,25
12,20,0,0,0,19,11,0,0,0,0,24,5,0,0,4,4,0,0,0
34,5,0,0,0,11,0,0,0,0,0,28,0,0,8,6,7,0,0,0
0,0,0,10,0,0,0,90,0,0,0,0,0,0,0,0,0,0,0,0
15,5,0,31,0,0,10,0,0,0,0,9,0,0,0,12,18,0,0,0
0,0,0,0,5,6,0,0,0,11,11,0,0,0,7,0,12,0,0,49
8,0,0,0,0,0,0,0,0,9,23,0,0,0,0,0,0,0,0,60
0,0,0,0,0,0,0,0,0,0,78,0,0,9,0,0,0,0,0,13
12,13,6,0,0,0,14,0,10,0,0,19,0,0,15,0,11,0,0,0
22,0,6,0,0,5,0,0,0,0,0,52,0,0,0,9,6,0,0,0
0,0,11,0,0,0,0,80,0,0,0,0,0,0,0,9,0,0,0,0
5,0,0,6,0,19,18,0,0,0,0,0,4,0,0,9,38,0,0,0
0,38,0,0,0,12,0,0,5,15,0,22,0,0,0,0,0,0,0,7
0,0,0,0,0,0,0,0,0,40,49,0,5,0,0,0,0,0,0,5
0,0,35,0,0,0,0,32,0,0,0,0,0,0,0,0,33,0,0,0
21,0,0,0,7,0,0,9,0,0,0,0,0,6,43,4,9,0,0,0
31,6,0,0,0,0,0,17,0,0,0,6,7,0,9,12,0,0,7,5
24,0,0,6,0,14,34,0,7,0,0,0,0,0,0,5,0,0,0,10
0,0,0,0,0,0,0,0,0,42,29,0,0,0,0,0,11,9,0,8
30,0,16,0,0,0,0,32,0,0,0,0,7,0,14,0,0,0,0,0
0,0,0,0,0,0,0,0,0,16,50,0,7,0,0,0,0,0,0,27
7,0,0,0,0,0,0,0,0,14,79,0,0,0,0,0,0,0,0,0
85,0,0,0,0,0,0,0,0,0,0,0,0,0,0,6,9,0,0,0
34,0,0,0,0,0,0,0,0,0,0,0,0,0,0,31,35,0,0,0
6,0,0,0,0,0,0,0,0,6,28,0,0,15,0,7,0,0,12,27
0,0,0,0,0,7,0,93,0,0,0,0,0,0,0,0,0,0,0,0
0,8,0,0,7,0,0,0,0,34,0,15,7,0,0,0,0,0,17,12
27,0,6,0,0,7,8,7,0,0,0,7,0,0,7,6,25,0,0,0
0,8,0,5,0,7,30,0,0,0,0,32,6,0,0,5,0,7,0,0
5,0,0,0,0,0,0,0,0,7,7,0,0,0,0,0,0,0,0,81
0,15,0,0,0,5,6,0,0,0,9,47,0,0,18,0,0,0,0,0
0,0,0,0,6,0,0,0,0,0,0,0,0,0,0,0,0,0,0,94
5,0,0,0,0,0,0,0,9,13,0,10,0,7,0,0,0,8,36,12
0,57,0,0,0,13,0,0,0,0,0,20,0,0,0,10,0,0,0,0
0,10,0,0,0,20,0,0,0,0,0,70,0,0,0,0,0,0,0,0
