A,R,N,D,C,Q,E,G,H,I,L,K,M,F,P,S,T,W,Y,V
0,0,0,0,0,0,0,0,0,0,0,0,0,0,100,0,0,0,0,0
0,0,0,0,0,77,23,0,0,0,0,0,0,0,0,0,0,0,0,0
0,0,0,0,0,0,0,0,0,0,64,0,36,0,0,0,0,0,0,0
0,0,0,0,0,13,0,0,24,0,0,51,0,0,0,13,0,0,0,0
0,0,36,13,0,0,0,0,0,0,0,0,0,0,0,36,15,0,0,0
0,0,0,0,0,0,12,57,0,0,0,0,0,0,0,31,0,0,0,0
0,0,0,0,0,0,0,0,0,0,70,0,0,0,0,0,0,0,0,30
0,0,24,63,0,0,0,13,0,0,0,0,0,0,0,0,0,0,0,0
0,0,0,0,0,0,0,0,0,7,17,0,18,33,0,0,0,18,6,0
10,0,0,0,0,0,0,0,0,14,20,0,8,0,0,29,21,0,0,0
41,10,20,0,0,0,0,0,0,9,0,0,0,0,0,22,0,0,0,0
19,15,19,0,0,0,0,0,0,0,0,46,0,0,0,0,0,0,0,0
0,6,0,0,0,6,0,7,0,23,0,0,0,17,0,0,10,0,0,30
0,0,0,0,0,0,0,0,6,45,31,0,0,0,0,0,12,0,0,7
0,3,0,0,0,39,12,0,11,0,0,11,0,0,11,13,0,0,0,0
4,0,0,0,0,0,15,61,0,0,0,0,0,0,5,10,5,0,0,0
5,1,8,20,0,0,10,10,0,1,1,1,0,0,1,35,1,0,0,5
11,0,0,0,0,0,0,0,0,14,56,0,3,9,0,0,0,0,0,7
3,0,14,37,0,0,3,3,5,0,0,9,0,0,14,8,0,0,0,4
11,0,16,0,0,6,0,0,0,0,9,0,0,0,0,27,31,0,0,0
22,0,2,0,0,3,0,0,0,0,42,5,0,0,0,0,6,8,13,0
0,0,18,0,0,0,0,0,3,8,0,0,0,0,68,0,4,0,0,0
7,1,1,3,0,34,10,1,0,1,1,18,0,0,6,1,15,0,0,1
8,0,0,5,0,6,32,14,10,0,1,14,0,0,0,2,3,0,2,2
12,0,2,0,0,0,0,0,0,2,54,0,3,0,0,0,0,0,0,27
0,17,3,0,0,5,5,0,13,12,24,14,4,0,0,0,0,0,0,0
15,11,8,7,0,7,28,0,0,0,0,9,0,0,0,14,0,0,0,0
0,0,0,0,0,0,0,0,0,0,2,0,0,42,0,0,0,53,2,0
0,0,0,0,0,0,0,0,0,25,24,0,0,0,0,0,0,0,0,50
26,8,7,6,0,9,30,0,0,0,0,5,0,0,0,5,0,0,0,4
0,3,1,1,0,0,63,7,1,0,0,11,0,0,0,10,0,0,0,0
5,0,5,0,1,2,0,2,0,17,2,5,5,0,0,7,10,11,3,24
59,0,0,0,0,0,0,0,0,21,0,3,0,0,0,2,0,0,0,14
12,4,1,0,0,5,56,0,1,1,0,19,0,0,0,0,0,0,0,0
0,0,0,0,0,0,0,0,4,0,80,0,1,3,0,0,0,11,0,0
1,0,0,0,30,0,0,0,0,0,19,0,7,4,0,0,33,0,0,5
2,5,10,0,0,33,19,0,1,0,0,14,0,0,0,3,13,0,0,0
3,0,0,0,0,0,0,0,0,0,0,0,0,0,97,0,0,0,0,0
6,4,0,47,0,0,18,0,0,0,0,6,0,0,0,18,0,0,0,0
5,30,2,13,0,4,3,7,1,0,0,14,0,0,0,18,2,0,2,0
0,0,0,0,0,0,0,0,0,38,0,0,0,0,0,0,0,0,0,62
1,7,0,0,2,0,4,0,15,0,2,0,0,13,0,0,0,0,28,26
0,0,0,0,0,0,0,0,0,21,14,0,0,10,0,0,0,28,0,27
9,0,0,0,74,0,0,0,0,4,0,0,0,0,0,4,2,0,0,8
0,0,3,71,0,0,0,0,0,0,0,0,0,4,0,0,22,0,0,0
0,0,0,14,0,0,0,82,0,0,0,0,0,0,0,4,0,0,0,0
0,0,0,0,0,0,8,0,0,0,0,0,0,0,0,81,11,0,0,0
2,2,0,21,0,15,44,0,0,0,0,8,0,0,6,0,1,0,0,1
14,0,2,5,0,3,60,2,2,0,0,6,0,0,0,4,1,0,0,0
0,0,0,5,0,2,93,0,0,0,0,0,0,0,0,0,0,0,0,0
5,0,11,0,1,0,5,2,0,0,0,2,0,13,0,0,2,10,48,0
3,2,5,28,0,8,7,6,3,8,0,13,0,0,0,0,5,0,0,14
4,52,2,3,0,9,13,0,0,0,0,8,0,0,0,0,2,0,5,2
0,4,0,0,0,0,0,0,0,16,54,8,2,2,0,0,1,8,0,5
8,9,0,0,18,0,0,0,0,9,10,16,2,0,0,5,19,0,3,0
31,5,4,15,0,4,13,6,0,0,0,6,0,0,0,8,5,3,0,0
5,6,0,6,0,15,19,2,4,3,25,7,0,0,0,2,0,0,6,0
8,0,0,0,2,0,8,0,0,0,40,0,30,0,0,0,4,0,8,0
0,0,0,0,1,9,7,6,0,13,4,4,0,0,0,4,4,0,3,45
10,1,1,9,0,5,46,3,0,0,0,21,0,0,0,1,0,0,3,0
26,4,3,6,0,8,26,1,1,0,0,5,0,0,0,13,1,0,5,0
0,1,0,0,0,0,14,77,0,0,4,5,0,0,0,0,0,0,0,0
0,0,0,0,0,0,12,0,0,11,5,5,10,0,4,0,37,0,0,15
6,0,0,0,0,0,6,0,0,9,35,4,15,19,0,0,0,0,0,3
0,20,0,0,0,4,0,0,2,26,7,15,0,0,0,2,11,0,0,9
1,25,0,0,0,2,3,0,6,0,1,36,3,0,18,3,4,0,0,0
0,0,0,0,0,0,0,0,0,3,88,0,4,0,0,0,6,0,0,0
3,0,24,4,0,9,27,0,0,0,0,15,0,0,10,1,0,0,0,6
5,5,4,0,0,0,1,4,11,0,0,53,0,0,9,1,5,0,0,0
0,26,0,0,0,3,0,0,16,0,0,5,0,8,0,4,0,2,34,0
1,1,2,22,0,0,4,4,0,0,0,11,0,0,49,0,4,0,0,0
0,0,80,0,0,0,0,12,4,0,0,0,0,0,0,0,0,0,0,0
0,0,5,0,26,0,0,0,4,0,0,0,0,0,0,44,4,0,14,0
1,0,0,0,0,0,1,1,2,0,1,0,0,30,0,1,4,12,45,1
4,1,1,1,0,1,1,1,0,15,61,1,0,1,1,1,1,0,10,1
46,1,1,1,7,1,1,3,14,1,1,1,0,3,1,3,1,0,7,8
7,41,3,1,2,1,1,1,2,1,15,1,0,16,1,2,1,3,0,1
1,1,1,13,0,1,1,1,0,1,1,1,0,1,1,56,20,0,0,1
1,1,15,52,0,2,1,1,12,1,1,1,0,1,1,8,1,0,0,1
6,4,1,1,0,1,1,1,0,1,1,1,0,1,79,1,1,0,0,1
9,10,1,3,0,1,4,2,0,2,13,7,0,1,1,34,11,0,0,1
0,0,0,100,0,0,0,0,0,0,0,0,0,0,0,0,0,0,0,0
0,0,0,0,0,26,0,0,0,0,0,0,0,0,0,0,0,0,0,74
100,0,0,0,0,0,0,0,0,0,0,0,0,0,0,0,0,0,0,0
0,100,0,0,0,0,0,0,0,0,0,0,0,0,0,0,0,0,0,0
13,0,0,14,0,0,0,0,0,5,0,0,0,0,0,3,3,0,0,61
0,12,0,0,0,0,74,0,0,0,0,14,0,0,0,0,0,0,0,0
10,0,0,22,0,9,21,0,2,0,0,3,0,0,0,30,3,0,0,0
0,48,11,12,2,3,0,0,0,0,2,15,0,7,0,0,0,0,0,0
0,0,0,0,0,0,0,0,0,0,0,0,0,0,0,0,100,0,0,0
3,0,0,0,0,0,0,0,0,0,0,11,0,59,0,0,0,4,12,10
0,0,0,0,0,0,0,0,0,85,11,0,4,0,0,0,0,0,0,0
6,0,0,0,50,0,0,0,0,6,26,0,0,0,0,3,0,0,0,8
10,1,1,1,0,1,1,1,0,1,1,1,0,1,1,43,37,0,0,1
4,8,1,13,0,8,21,1,0,3,4,13,0,1,16,2,2,0,0,2
1,13,5,14,0,2,19,1,1,1,2,14,0,1,1,6,16,0,1,1
8,7,1,1,0,17,28,2,0,1,2,25,0,1,1,2,1,0,1,1
9,12,2,4,1,5,29,3,2,8,3,5,1,1,2,5,2,0,6,2
2,2,1,59,1,6,9,2,1,2,3,2,1,1,2,2,2,0,1,2
51,2,1,2,1,1,2,2,1,2,3,6,1,1,2,5,14,0,1,2
3,2,2,2,1,1,2,44,1,12,3,2,1,1,2,2,2,0,1,16
3,2,2,2,1,3,2,2,5,2,3,2,1,1,62,2,2,0,1,2
1,1,1,1,0,1,1,1,0,10,7,1,0,8,3,1,50,0,0,12
4,3,4,3,1,2,4,4,1,3,6,3,1,2,37,4,3,1,2,11
5,3,10,5,1,2,6,7,3,3,5,23,1,2,6,4,3,1,6,5
5,2,3,4,1,2,5,25,1,2,4,3,1,2,4,12,14,2,1,7
4,2,6,2,1,2,3,17,1,5,4,14,4,5,2,5,6,1,1,13
10,5,5,4,1,3,11,5,1,2,7,13,1,2,6,4,9,1,1,8
3,6,2,2,1,2,3,25,1,5,15,7,1,2,8,8,4,1,1,3
7,2,3,6,1,12,3,3,1,4,4,3,3,5,27,7,4,1,1,3
3,6,2,2,1,2,8,3,1,2,23,3,5,13,2,3,11,1,6,3
0,0,59,0,0,0,0,21,0,6,9,0,1,0,0,0,0,0,0,0
0,7,71,0,0,2,4,0,7,0,4,0,0,0,0,0,0,0,0,0
2,0,0,0,0,0,0,5,4,0,1,0,0,4,0,1,14,66,0,1
5,11,0,0,0,0,3,1,0,5,10,4,51,0,0,1,3,0,0,4
14,0,5,38,0,2,6,1,0,0,1,0,0,2,6,21,4,0,0,1
0,18,0,0,0,0,10,0,0,0,7,0,0,0,61,0,2,0,0,0
25,0,4,15,0,13,26,3,0,0,1,6,0,0,0,3,1,0,0,2
5,4,0,17,0,6,52,3,0,0,1,4,0,0,0,3,0,0,0,3
3,0,0,1,0,0,1,18,0,0,6,1,47,13,0,1,1,0,0,7
3,31,0,2,0,5,6,3,0,4,15,21,0,0,0,4,1,0,2,1
23,18,1,2,0,11,8,3,0,0,0,22,0,0,0,3,6,0,0,1
12,0,0,0,0,0,40,2,0,7,2,12,0,0,0,0,15,0,0,7
0,0,0,0,0,0,1,0,0,14,37,0,24,6,0,0,0,7,0,10
1,17,21,8,0,8,0,6,8,0,13,4,0,0,0,3,12,0,0,0
7,0,0,8,0,6,31,22,0,1,0,7,0,0,2,10,5,0,0,0
2,17,0,0,0,0,1,0,3,13,56,0,0,7,0,0,0,0,0,1
0,0,0,0,0,0,0,0,0,0,13,0,16,56,0,0,0,0,15,0
7,25,2,6,0,1,2,0,0,0,0,36,0,0,16,3,1,0,0,0
0,0,0,7,0,2,1,91,0,0,0,0,0,0,0,0,0,0,0,0
10,0,0,0,43,0,0,0,0,14,0,0,0,0,0,33,0,0,0,0
3,0,0,0,0,0,0,0,0,0,0,0,90,0,0,0,0,0,7,0
6,42,0,0,0,7,0,0,0,0,0,40,0,0,0,0,3,0,0,0
0,0,0,0,0,0,0,100,0,0,0,0,0,0,0,0,0,0,0,0
0,79,0,0,0,0,0,0,0,0,0,21,0,0,0,0,0,0,0,0
0,1,0,0,0,0,26,0,0,4,0,0,0,0,2,0,67,0,0,0
0,0,0,0,0,0,0,0,0,0,30,0,70,0,0,0,0,0,0,0
0,0,0,0,0,0,0,0,0,0,0,0,0,21,0,0,0,3,76,0
0,0,0,0,0,0,0,0,0,14,0,0,0,0,0,0,0,0,0,86
0,0,0,0,11,0,0,15,0,34,3,0,2,0,0,0,0,0,0,35
0,0,0,0,0,0,0,0,0,0,0,0,0,26,74,0,0,0,0,0
0,0,0,0,0,0,0,0,0,0,0,0,0,77,0,0,0,0,23,0
7,0,0,0,27,0,0,0,0,0,0,0,0,0,0,47,0,0,0,19
0,0,0,0,0,0,0,0,0,0,33,0,67,0,0,0,0,0,0,0
0,0,0,0,0,0,0,97,0,0,0,0,0,0,0,3,0,0,0,0
0,0,0,0,0,0,0,0,3,0,0,0,0,0,93,3,0,0,0,0
0,11,0,0,0,0,0,0,0,11,43,12,0,0,6,2,3,0,0,12
0,0,36,8,0,0,5,42,1,0,0,0,0,0,0,1,7,0,0,0
12,0,0,5,0,0,0,9,0,0,0,0,0,0,0,73,0,0,0,1
0,4,0,5,0,0,9,0,6,12,0,10,0,0,49,0,0,0,0,6
1,0,1,12,0,0,1,0,0,19,20,1,0,42,0,2,0,0,0,0
21,0,0,0,0,8,0,0,0,0,0,0,0,0,18,36,17,0,0,0
5,5,0,7,0,3,0,0,14,23,6,36,1,0,0,0,0,0,0,0
0,0,2,0,0,0,0,0,0,33,34,0,0,8,14,0,0,0,3,7
26,0,0,0,0,0,0,74,0,0,0,0,0,0,0,0,0,0,0,0
0,0,0,0,0,0,0,0,0,31,0,0,0,0,0,0,0,0,0,69
0,0,0,0,0,39,61,0,0,0,0,0,0,0,0,0,0,0,0,0
0,0,0,0,0,0,0,0,0,42,46,0,0,0,0,0,0,0,0,11
0,0,0,0,0,0,0,0,0,0,0,0,0,0,0,9,91,0,0,0
0,0,0,100,0,0,0,0,0,0,0,0,0,0,0,0,0,0,0,0
0,0,0,0,0,0,0,0,0,0,0,0,0,0,0,99,1,0,0,0
28,3,2,2,0,0,11,1,0,0,0,3,0,0,46,0,0,0,0,2
0,0,0,0,0,0,0,0,0,0,0,0,0,2,0,0,0,0,98,0
0,0,0,0,0,0,0,0,0,0,0,0,0,0,0,0,0,0,0,100
21,0,0,0,0,0,0,0,0,12,0,0,3,0,0,0,0,0,0,64
15,0,0,0,10,0,0,0,26,3,16,0,4,0,0,1,4,0,0,20
0,0,24,0,2,0,0,0,0,0,0,0,0,0,0,74,0,0,0,0
0,0,0,0,0,0,26,0,0,0,7,0,67,0,0,0,0,0,0,0
0,47,12,0,2,0,0,4,10,0,0,11,0,14,0,0,0,0,0,0
0,0,0,0,0,0,0,0,0,68,8,2,1,0,0,0,9,0,7,4
0,0,0,0,0,0,0,0,0,7,26,0,67,0,0,0,0,0,0,0
9,0,0,0,0,0,0,0,0,0,0,0,0,0,0,0,65,0,26,0
0,97,1,0,0,0,0,0,0,0,0,2,0,0,0,0,0,0,0,0
0,0,0,0,0,0,0,0,0,9,7,14,57,0,0,0,0,0,0,10
6,0,0,4,0,0,0,87,0,0,0,0,0,0,0,0,0,0,0,0
10,8,4,3,0,3,3,0,2,2,0,21,0,8,2,4,16,0,14,0
24,2,0,7,0,5,30,3,0,0,0,10,0,0,11,6,0,0,0,2
18,0,0,4,0,0,14,0,0,1,0,0,0,4,0,0,0,0,0,56
0,0,0,0,0,0,4,0,0,7,59,0,0,20,0,0,0,3,4,0
2,4,2,38,0,6,20,3,0,0,0,24,0,0,0,0,0,0,0,0
18,21,0,0,0,7,3,0,0,1,7,18,3,8,0,7,0,0,0,6
0,0,0,0,0,0,0,0,0,17,62,0,9,0,0,4,0,0,4,1
6,0,4,4,0,0,1,78,0,0,0,2,0,0,3,0,2,0,0,0
2,0,17,51,0,0,12,0,0,0,0,2,0,0,0,7,10,0,0,0
13,1,6,0,0,0,2,50,0,0,1,18,0,0,0,1,5,0,0,1
1,6,8,12,0,6,23,0,0,0,0,12,0,15,6,5,6,0,0,0
0,0,0,0,0,0,0,0,0,0,0,0,0,97,0,0,0,2,1,0
0,0,2,0,0,0,0,0,3,7,22,0,0,5,0,0,0,0,3,58
0,19,0,0,0,0,1,0,1,0,0,53,0,0,25,0,0,0,0,0
20,0,0,0,42,0,0,11,0,0,0,0,0,26,0,0,2,0,0,0
0,0,0,0,0,0,0,0,0,7,46,0,0,0,0,0,2,0,0,45
0,0,0,0,0,0,0,0,100,0,0,0,0,0,0,0,0,0,0,0
7,0,0,0,0,0,0,0,0,0,0,0,0,0,0,89,4,0,0,0
14,0,0,0,0,0,0,0,0,3,8,12,0,0,0,0,7,0,0,54
3,0,0,0,0,0,0,95,0,0,0,0,0,0,0,0,0,0,0,0
39,4,5,1,8,6,6,2,1,1,4,8,2,1,1,2,5,0,1,4
1,0,0,0,0,4,18,1,0,0,3,1,0,0,68,1,1,0,0,1
5,3,0,5,0,0,1,1,0,0,79,3,0,0,0,1,1,0,0,1
11,1,1,22,0,2,17,3,0,5,1,2,0,0,26,2,3,0,0,3
7,1,0,5,0,1,20,15,0,8,11,5,0,0,16,2,1,0,0,7
3,14,0,1,0,8,14,30,2,1,1,20,0,0,1,1,3,0,0,1
3,5,0,0,0,27,13,6,0,0,1,36,0,0,0,1,3,0,0,2
13,15,0,14,0,9,8,5,0,0,1,7,0,0,10,1,16,0,0,1
1,9,1,29,0,3,1,2,0,5,10,4,1,1,4,10,1,0,1,16
11,3,1,6,0,1,1,2,0,14,2,12,5,1,1,1,1,0,1,37
5,3,21,6,1,4,4,7,1,7,5,5,1,2,3,12,4,1,2,4
13,2,7,7,1,6,4,3,7,2,9,3,1,1,18,11,4,0,1,2
2,1,1,7,0,1,2,2,1,1,6,1,1,1,1,2,1,66,1,2
9,1,1,3,0,1,1,1,0,1,2,7,0,1,63,7,1,0,1,1
1,6,4,0,67,0,0,1,0,0,10,6,0,0,0,1,0,0,0,1
2,6,68,17,0,0,0,1,0,0,1,0,0,0,0,2,0,0,0,1
2,4,1,3,1,1,3,2,1,12,5,5,2,1,44,2,7,0,1,2
1,4,2,25,0,2,31,9,0,1,1,3,0,1,1,6,3,0,6,1
2,11,11,1,0,1,1,2,5,7,7,13,0,1,3,3,26,0,1,4
1,10,1,6,0,1,1,1,0,3,1,47,8,0,1,1,13,0,0,5
1,13,1,1,0,1,1,1,0,5,19,1,0,9,1,1,1,3,42,1
1,1,1,1,0,1,1,1,0,78,1,1,0,0,1,1,1,0,0,11
13,1,1,9,2,1,1,4,0,7,3,1,0,0,1,7,17,0,6,27
1,1,1,1,0,8,6,1,67,6,4,1,0,0,1,1,1,0,0,1
0,5,0,6,0,0,0,0,0,6,8,2,11,46,0,0,6,0,5,3
1,1,0,3,0,8,1,1,0,8,6,1,0,0,67,1,1,0,0,1
7,1,0,27,0,3,51,1,0,1,1,1,0,0,1,3,1,4,0,1
1,6,0,17,0,3,26,4,0,1,5,4,0,0,1,5,23,0,0,5
1,51,4,1,0,1,6,1,4,1,1,15,0,0,4,8,1,0,0,1
2,5,1,4,0,1,52,1,0,1,4,2,0,0,1,14,9,0,0,2
0,0,0,0,0,0,0,0,0,65,0,0,0,0,0,0,0,0,0,35
0,0,0,0,0,2,0,0,0,7,7,0,7,0,0,0,0,42,26,10
0,0,0,0,0,0,0,0,0,0,0,0,0,0,0,100,0,0,0,0
11,0,0,0,0,0,0,0,0,0,0,0,0,35,0,0,0,0,28,26
0,0,33,0,0,0,0,66,0,0,0,0,0,0,0,1,0,0,0,0
0,0,0,0,0,0,0,0,0,0,0,0,0,0,0,67,33,0,0,0
0,0,7,0,0,14,0,67,0,0,0,0,0,0,0,0,12,0,0,0
0,0,0,0,0,0,0,0,0,0,0,0,0,0,0,0,0,0,100,0
12,0,1,0,0,0,0,87,0,0,0,0,0,0,0,0,0,0,0,0
0,0,0,0,0,0,0,100,0,0,0,0,0,0,0,0,0,0,0,0
0,0,100,0,0,0,0,0,0,0,0,0,0,0,0,0,0,0,0,0
56,0,0,0,0,0,0,0,0,0,0,0,0,0,0,29,12,0,0,0
2,1,1,1,0,1,1,2,1,8,70,1,1,1,1,2,1,0,1,4
0,0,0,0,0,0,0,0,0,14,74,0,0,0,0,0,0,0,0,12
7,0,0,0,0,0,0,86,0,0,0,0,0,0,0,7,0,0,0,0
0,0,0,0,0,0,0,0,0,0,26,74,0,0,0,0,0,0,0,0
0,0,0,0,0,0,0,0,0,0,0,100,0,0,0,0,0,0,0,0
0,0,0,0,71,0,0,0,0,0,0,26,2,0,0,1,0,0,0,0
0,0,0,0,0,0,0,0,7,0,33,0,0,29,0,0,0,0,24,7
88,0,0,0,0,0,0,0,0,0,0,0,0,0,0,12,0,0,0,0
0,0,0,0,0,0,0,0,0,0,86,0,0,14,0,0,0,0,0,0
0,100,0,0,0,0,0,0,0,0,0,0,0,0,0,0,0,0,0,0
0,0,0,0,0,0,0,0,0,65,33,0,2,0,0,0,0,0,0,0
73,0,0,0,0,0,0,2,0,0,0,0,0,0,0,0,26,0,0,0
0,0,0,0,0,0,0,0,0,22,0,0,2,0,0,70,2,0,0,4
15,10,4,0,0,8,0,0,0,0,0,6,4,0,0,4,11,0,9,27
0,21,0,0,0,1,0,0,0,11,15,12,40,0,0,0,0,0,0,0
84,0,0,0,0,0,0,13,0,0,0,0,0,0,0,2,0,0,0,0
0,42,0,0,0,2,0,0,11,0,0,17,0,0,0,0,0,0,2,26
1,6,6,39,0,5,27,0,0,0,0,11,0,0,0,5,0,0,0,0
2,0,0,0,0,12,83,2,0,0,0,1,0,0,0,0,0,0,0,0
0,0,0,0,0,0,0,100,0,0,0,0,0,0,0,0,0,0,0,0
